25,52
25,51
25,50
25,49
25,48
25,47
25,46
25,45
25,44
25,43
25,42
25,41
25,40
25,39
25,38
25,37
25,36
0,401
0,400
0,399
36,30
36,29
36,28
36,27
36,26
36,25
36,24
36,23
36,22
36,21
36,20
36,19
36,18
36,17
36,16
36,15
36,14
36,13
36,12
36,11
36,10
36,9
36,8
36,7
36,6
36,5
36,4
36,3
36,2
0,398
36,1
36,0
0,397
0,396
0,395
35,313
35,312
35,311
35,310
35,309
35,308
35,307
35,306
35,305
35,304
35,303
35,302
35,301
35,300
35,299
35,298
35,297
35,296
35,295
35,294
35,293
35,292
35,291
35,290
35,289
35,288
35,287
35,286
35,285
35,320
35,284
35,283
35,282
35,281
35,280
35,279
35,278
35,277
35,276
35,275
35,274
35,273
35,272
35,271
35,270
35,269
35,268
35,267
35,266
35,265
35,264
35,263
35,262
35,261
35,260
35,259
35,258
35,257
35,255
35,254
35,253
35,252
35,251
35,250
35,249
35,248
35,247
35,246
35,245
35,244
35,243
35,242
35,241
35,240
35,239
35,238
35,237
35,236
35,235
35,234
35,233
35,232
35,231
35,230
35,229
35,256
35,228
35,227
35,226
35,225
35,224
35,223
35,222
35,221
35,220
35,219
35,218
35,217
35,216
35,215
35,214
35,213
35,212
35,211
35,210
35,209
35,208
35,207
35,206
35,205
35,204
35,203
35,202
35,201
35,200
35,199
35,198
35,197
35,196
35,195
35,194
35,193
35,191
35,190
35,189
35,188
35,187
35,186
35,185
35,184
35,183
35,182
35,181
35,180
35,179
35,178
35,177
35,176
35,175
35,174
35,173
35,192
35,172
35,171
35,170
35,169
35,168
35,167
35,166
35,165
35,164
35,163
35,162
35,161
35,160
35,159
35,158
35,157
35,156
35,155
35,154
35,153
35,152
35,151
35,150
35,149
35,148
35,147
35,146
35,145
35,144
35,143
35,142
35,141
35,140
35,139
35,138
35,137
35,136
35,135
35,134
35,133
35,132
35,131
35,130
35,129
35,127
35,126
35,125
35,124
35,123
35,122
35,121
35,120
35,119
35,118
35,117
35,128
35,116
35,115
35,114
35,113
35,112
35,111
35,110
35,109
35,108
35,107
35,106
35,105
35,104
35,103
35,102
35,101
35,100
35,99
35,98
35,97
35,96
35,95
35,94
35,93
35,92
35,91
35,90
35,89
35,88
35,87
35,86
35,85
35,84
35,83
35,82
35,81
35,80
35,79
