30,2
30,1
30,3
34,2
34,3
31,4
31,1
31,7
31,2
31,3
33,5
33,11
33,7
33,14
33,1
33,12
33,2
33,3
32,2
32,1
32,3
20,2
20,1
20,3
19,2
19,1
19,3
18,2
18,1
18,3
29,2
29,1
29,3
35,30
35,29
35,28
35,27
35,26
35,25
35,24
35,23
35,22
35,21
35,20
35,19
35,18
35,17
35,16
35,15
35,14
35,13
35,12
35,11
35,10
35,9
35,8
35,7
35,6
35,5
35,4
35,3
35,2
35,1
35,0
34,320
34,313
34,312
34,311
34,310
34,309
34,308
34,307
34,306
34,305
34,304
34,303
34,302
34,301
34,300
34,299
34,298
34,297
34,296
34,295
34,294
34,293
34,292
34,291
34,290
34,289
34,288
34,287
34,286
34,285
34,284
34,283
34,282
34,281
34,280
34,279
34,278
34,277
34,276
34,275
34,274
34,273
34,272
34,271
34,270
34,269
34,268
34,267
34,266
34,265
34,264
34,263
34,262
34,261
34,260
34,259
34,258
34,257
34,256
34,255
34,254
34,253
